   Unnamed: 0  adm 389  csapc 390  cdc 391  cdup 392  sy 393  ishtar 394  jj 395  total
0       anbar      494        137       87        83      68          61       7    937
1       babil      201        481      610        96     162          58      74   1682
2     baghdad     6663       3440      812       611     532         723     252  13033
3       basra      326        488     1295       247     243         103      50   2752
4      diyala      101        119       67       795     189          81      22   1374
5       dohuk     7152       3631      315       847     250         402      74  12671
6       erbil     1871       2323      594       289     117         232      41   5467
7     karbala       97         75      245       484      97          46      44   1088
8      kirkuk     2115        525      455       124      91         159      59   3528
9      missan      118         72       63       150     224          40      59    726
10   muthanna      123        240       70       121      54          36      30    674
11      najaf      126         54       82       200     367          65      27    921
12    nineveh     7667       8858     1069       699     297         736    3694  23020
13  qadissiya      117         64      104       320     384          91      61   1141
14  salahadin      145        449      138        95      53          67      22    969
15  sulaymani      294         88       42       205     112          41      43    825
16     thiqar      373        606       90       137     137          46      31   1420
17      wasit      112        232      470        44      91          90      48   1087
18      total    28095      21882     6608      5547    3468        3077    4638  73315